=== Run information ===

Scheme:weka.classifiers.bayes.NaiveBayes 
Relation:     poker_hand/allnominal/training/0
Instances:    4998
Attributes:   11
              S1
              C1
              S2
              C2
              S3
              C3
              S4
              C4
              S5
              C5
              CLASS
Test mode:10-fold cross-validation

=== Classifier model (full training set) ===

Naive Bayes Classifier

                Class
Attribute           0      1      2      3      S      F     FH      4     SF     RF
                (0.5) (0.42) (0.05) (0.02)    (0)    (0)    (0)    (0)    (0)    (0)
=====================================================================================
S1
  H              607.0  512.0   51.0   25.0    6.0    2.0    2.0    1.0    2.0    2.0
  S              646.0  567.0   67.0   22.0    4.0    2.0    3.0    1.0    1.0    1.0
  D              615.0  498.0   59.0   30.0   10.0    4.0    4.0    2.0    1.0    1.0
  C              634.0  546.0   68.0   29.0    2.0    6.0    2.0    1.0    1.0    1.0
  [total]       2502.0 2123.0  245.0  106.0   22.0   14.0   11.0    5.0    5.0    5.0

C1
  1              197.0  193.0   19.0    9.0    3.0    1.0    2.0    1.0    1.0    1.0
  2              209.0  163.0   15.0   13.0    3.0    3.0    2.0    1.0    2.0    1.0
  3              182.0  161.0   18.0   10.0    1.0    1.0    1.0    1.0    1.0    1.0
  4              209.0  173.0   14.0    8.0    3.0    1.0    3.0    1.0    1.0    1.0
  5              177.0  150.0   23.0   11.0    3.0    1.0    2.0    1.0    1.0    1.0
  6              181.0  136.0   19.0    6.0    2.0    3.0    1.0    1.0    1.0    1.0
  7              199.0  168.0   17.0    4.0    1.0    2.0    2.0    1.0    1.0    1.0
  8              205.0  148.0   21.0    8.0    3.0    2.0    2.0    2.0    1.0    1.0
  9              184.0  173.0   26.0   10.0    3.0    2.0    1.0    1.0    1.0    1.0
  10             189.0  155.0   21.0    5.0    2.0    3.0    1.0    1.0    1.0    2.0
  11             185.0  176.0   17.0    9.0    3.0    1.0    1.0    1.0    1.0    1.0
  12             195.0  173.0   21.0   11.0    2.0    2.0    1.0    1.0    1.0    1.0
  13             199.0  163.0   23.0   11.0    2.0    1.0    1.0    1.0    1.0    1.0
  [total]       2511.0 2132.0  254.0  115.0   31.0   23.0   20.0   14.0   14.0   14.0

S2
  H              614.0  555.0   58.0   29.0    6.0    2.0    3.0    1.0    2.0    2.0
  S              608.0  542.0   65.0   31.0    5.0    2.0    4.0    1.0    1.0    1.0
  D              610.0  521.0   54.0   23.0    6.0    4.0    3.0    1.0    1.0    1.0
  C              670.0  505.0   68.0   23.0    5.0    6.0    1.0    2.0    1.0    1.0
  [total]       2502.0 2123.0  245.0  106.0   22.0   14.0   11.0    5.0    5.0    5.0

C2
  1              216.0  169.0   20.0    8.0    2.0    3.0    1.0    1.0    1.0    1.0
  2              181.0  164.0   28.0    7.0    2.0    2.0    5.0    1.0    1.0    1.0
  3              203.0  159.0   17.0   10.0    2.0    2.0    1.0    1.0    1.0    1.0
  4              205.0  145.0   17.0   12.0    2.0    4.0    2.0    1.0    2.0    1.0
  5              196.0  150.0   17.0    5.0    3.0    3.0    2.0    1.0    1.0    1.0
  6              198.0  166.0   19.0   14.0    2.0    1.0    1.0    1.0    1.0    1.0
  7              202.0  147.0   17.0   11.0    4.0    1.0    1.0    1.0    1.0    1.0
  8              170.0  193.0   15.0    4.0    1.0    1.0    1.0    2.0    1.0    1.0
  9              157.0  176.0   22.0   15.0    1.0    1.0    1.0    1.0    1.0    1.0
  10             171.0  161.0   18.0    3.0    5.0    1.0    2.0    1.0    1.0    1.0
  11             197.0  160.0   19.0    5.0    2.0    1.0    1.0    1.0    1.0    2.0
  12             224.0  167.0   16.0    9.0    4.0    2.0    1.0    1.0    1.0    1.0
  13             191.0  175.0   29.0   12.0    1.0    1.0    1.0    1.0    1.0    1.0
  [total]       2511.0 2132.0  254.0  115.0   31.0   23.0   20.0   14.0   14.0   14.0

S3
  H              591.0  506.0   59.0   25.0    7.0    2.0    6.0    2.0    2.0    2.0
  S              619.0  546.0   64.0   24.0    5.0    2.0    1.0    1.0    1.0    1.0
  D              651.0  519.0   59.0   26.0    5.0    4.0    2.0    1.0    1.0    1.0
  C              641.0  552.0   63.0   31.0    5.0    6.0    2.0    1.0    1.0    1.0
  [total]       2502.0 2123.0  245.0  106.0   22.0   14.0   11.0    5.0    5.0    5.0

C3
  1              163.0  159.0   18.0   12.0    2.0    2.0    1.0    1.0    1.0    1.0
  2              196.0  155.0   26.0   10.0    1.0    2.0    3.0    1.0    1.0    1.0
  3              195.0  152.0   15.0   11.0    2.0    1.0    1.0    1.0    1.0    1.0
  4              201.0  169.0   17.0   10.0    2.0    1.0    2.0    1.0    1.0    1.0
  5              208.0  171.0   14.0    7.0    4.0    4.0    1.0    1.0    2.0    1.0
  6              198.0  166.0   18.0   12.0    2.0    2.0    1.0    1.0    1.0    1.0
  7              177.0  185.0   17.0    8.0    2.0    1.0    2.0    1.0    1.0    1.0
  8              199.0  149.0   21.0    6.0    4.0    1.0    1.0    2.0    1.0    1.0
  9              197.0  149.0   20.0    6.0    3.0    1.0    1.0    1.0    1.0    1.0
  10             199.0  188.0   26.0    7.0    2.0    2.0    2.0    1.0    1.0    1.0
  11             181.0  163.0   18.0    9.0    4.0    2.0    3.0    1.0    1.0    1.0
  12             199.0  172.0   18.0    8.0    2.0    1.0    1.0    1.0    1.0    1.0
  13             198.0  154.0   26.0    9.0    1.0    3.0    1.0    1.0    1.0    2.0
  [total]       2511.0 2132.0  254.0  115.0   31.0   23.0   20.0   14.0   14.0   14.0

S4
  H              611.0  521.0   58.0   35.0    4.0    2.0    2.0    2.0    2.0    2.0
  S              654.0  539.0   46.0   21.0    5.0    2.0    3.0    1.0    1.0    1.0
  D              629.0  552.0   66.0   25.0    6.0    4.0    5.0    1.0    1.0    1.0
  C              608.0  511.0   75.0   25.0    7.0    6.0    1.0    1.0    1.0    1.0
  [total]       2502.0 2123.0  245.0  106.0   22.0   14.0   11.0    5.0    5.0    5.0

C4
  1              217.0  158.0   19.0   10.0    2.0    2.0    3.0    1.0    1.0    1.0
  2              205.0  163.0   26.0   14.0    1.0    1.0    1.0    1.0    1.0    1.0
  3              199.0  165.0   18.0   14.0    3.0    3.0    1.0    1.0    2.0    1.0
  4              191.0  163.0   21.0    8.0    3.0    2.0    2.0    1.0    1.0    1.0
  5              176.0  165.0   13.0   10.0    2.0    1.0    1.0    1.0    1.0    1.0
  6              214.0  176.0   26.0    4.0    2.0    1.0    1.0    1.0    1.0    1.0
  7              207.0  167.0   17.0    3.0    3.0    1.0    2.0    1.0    1.0    1.0
  8              200.0  174.0   19.0   12.0    2.0    2.0    2.0    1.0    1.0    1.0
  9              197.0  162.0   17.0   13.0    4.0    4.0    1.0    1.0    1.0    1.0
  10             187.0  146.0   15.0    8.0    3.0    1.0    1.0    1.0    1.0    1.0
  11             192.0  180.0   20.0    8.0    3.0    2.0    3.0    1.0    1.0    1.0
  12             170.0  134.0   23.0    5.0    2.0    2.0    1.0    2.0    1.0    2.0
  13             156.0  179.0   20.0    6.0    1.0    1.0    1.0    1.0    1.0    1.0
  [total]       2511.0 2132.0  254.0  115.0   31.0   23.0   20.0   14.0   14.0   14.0

S5
  H              597.0  540.0   62.0   23.0    3.0    2.0    3.0    1.0    2.0    2.0
  S              626.0  514.0   62.0   25.0    8.0    2.0    3.0    2.0    1.0    1.0
  D              644.0  562.0   67.0   26.0    8.0    4.0    2.0    1.0    1.0    1.0
  C              635.0  507.0   54.0   32.0    3.0    6.0    3.0    1.0    1.0    1.0
  [total]       2502.0 2123.0  245.0  106.0   22.0   14.0   11.0    5.0    5.0    5.0

C5
  1              182.0  168.0   28.0    8.0    1.0    1.0    2.0    1.0    1.0    2.0
  2              198.0  151.0   16.0    6.0    3.0    1.0    3.0    1.0    1.0    1.0
  3              180.0  171.0   20.0   11.0    2.0    2.0    1.0    1.0    1.0    1.0
  4              209.0  184.0   20.0    9.0    2.0    2.0    2.0    1.0    1.0    1.0
  5              185.0  167.0   23.0   11.0    2.0    2.0    1.0    1.0    1.0    1.0
  6              192.0  150.0   15.0    7.0    3.0    1.0    1.0    1.0    2.0    1.0
  7              206.0  147.0   21.0    8.0    2.0    3.0    1.0    1.0    1.0    1.0
  8              190.0  174.0   22.0    7.0    4.0    3.0    2.0    2.0    1.0    1.0
  9              200.0  167.0   19.0    7.0    4.0    1.0    1.0    1.0    1.0    1.0
  10             187.0  179.0   11.0    8.0    2.0    1.0    1.0    1.0    1.0    1.0
  11             181.0  167.0   17.0   15.0    1.0    1.0    3.0    1.0    1.0    1.0
  12             196.0  144.0   22.0   10.0    1.0    4.0    1.0    1.0    1.0    1.0
  13             205.0  163.0   20.0    8.0    4.0    1.0    1.0    1.0    1.0    1.0
  [total]       2511.0 2132.0  254.0  115.0   31.0   23.0   20.0   14.0   14.0   14.0



Time taken to build model: 0 seconds

=== Stratified cross-validation ===
=== Summary ===

Correctly Classified Instances        2433               48.6795 %
Incorrectly Classified Instances      2565               51.3205 %
Kappa statistic                          0.0144
Mean absolute error                      0.1137
Root mean squared error                  0.2402
Relative absolute error                 99.9756 %
Root relative squared error            100.7981 %
Total Number of Instances             4998     

=== Detailed Accuracy By Class ===

               TP Rate   FP Rate   Precision   Recall  F-Measure   ROC Area  Class
                 0.735     0.724      0.504     0.735     0.598      0.502    0
                 0.281     0.262      0.441     0.281     0.344      0.505    1
                 0         0          0         0         0          0.466    2
                 0         0          0         0         0          0.535    3
                 0         0          0         0         0          0.421    S
                 0         0          0         0         0          0.612    F
                 0         0          0         0         0          0.732    FH
                 0         0          0         0         0          0.545    4
                 0         0          0         0         0          0.488    SF
                 0         0          0         0         0          0.563    RF
Weighted Avg.    0.487     0.473      0.439     0.487     0.444      0.502

=== Confusion Matrix ===

    a    b    c    d    e    f    g    h    i    j   <-- classified as
 1837  661    0    0    0    0    0    0    0    0 |    a = 0
 1523  596    0    0    0    0    0    0    0    0 |    b = 1
  178   63    0    0    0    0    0    0    0    0 |    c = 2
   76   26    0    0    0    0    0    0    0    0 |    d = 3
   17    1    0    0    0    0    0    0    0    0 |    e = S
   10    0    0    0    0    0    0    0    0    0 |    f = F
    4    3    0    0    0    0    0    0    0    0 |    g = FH
    1    0    0    0    0    0    0    0    0    0 |    h = 4
    1    0    0    0    0    0    0    0    0    0 |    i = SF
    1    0    0    0    0    0    0    0    0    0 |    j = RF

=== Run information ===

Scheme:weka.classifiers.bayes.NaiveBayes 
Relation:     poker_hand/allnominal/training/1
Instances:    4998
Attributes:   11
              S1
              C1
              S2
              C2
              S3
              C3
              S4
              C4
              S5
              C5
              CLASS
Test mode:10-fold cross-validation

=== Classifier model (full training set) ===

Naive Bayes Classifier

                Class
Attribute           0      1      2      3      S      F     FH      4     SF     RF
                (0.5) (0.42) (0.05) (0.02)    (0)    (0)    (0)    (0)    (0)    (0)
=====================================================================================
S1
  H              643.0  516.0   47.0   27.0   10.0    2.0    3.0    1.0    2.0    1.0
  S              630.0  525.0   77.0   25.0    4.0    6.0    2.0    2.0    1.0    2.0
  D              612.0  552.0   62.0   30.0    3.0    3.0    3.0    1.0    1.0    1.0
  C              617.0  530.0   59.0   24.0    5.0    3.0    3.0    1.0    1.0    1.0
  [total]       2502.0 2123.0  245.0  106.0   22.0   14.0   11.0    5.0    5.0    5.0

C1
  1              191.0  162.0   21.0   13.0    2.0    1.0    1.0    1.0    1.0    1.0
  2              212.0  182.0   18.0    9.0    1.0    3.0    2.0    1.0    1.0    1.0
  3              196.0  170.0   17.0    9.0    3.0    1.0    1.0    1.0    1.0    1.0
  4              191.0  142.0   18.0   10.0    3.0    1.0    1.0    1.0    1.0    1.0
  5              163.0  175.0   23.0   14.0    1.0    2.0    2.0    1.0    1.0    1.0
  6              182.0  170.0   11.0    7.0    3.0    2.0    1.0    1.0    1.0    1.0
  7              189.0  174.0   18.0    7.0    3.0    2.0    1.0    1.0    1.0    1.0
  8              201.0  158.0   23.0   10.0    3.0    2.0    2.0    2.0    1.0    1.0
  9              197.0  161.0   19.0    6.0    1.0    1.0    2.0    1.0    2.0    1.0
  10             187.0  152.0   15.0    8.0    3.0    2.0    2.0    1.0    1.0    1.0
  11             192.0  163.0   23.0   12.0    3.0    2.0    2.0    1.0    1.0    2.0
  12             201.0  150.0   24.0    5.0    3.0    1.0    1.0    1.0    1.0    1.0
  13             209.0  173.0   24.0    5.0    2.0    3.0    2.0    1.0    1.0    1.0
  [total]       2511.0 2132.0  254.0  115.0   31.0   23.0   20.0   14.0   14.0   14.0

S2
  H              649.0  523.0   72.0   21.0    4.0    2.0    2.0    1.0    2.0    1.0
  S              600.0  512.0   57.0   24.0    9.0    6.0    3.0    1.0    1.0    2.0
  D              612.0  517.0   61.0   29.0    6.0    3.0    3.0    1.0    1.0    1.0
  C              641.0  571.0   55.0   32.0    3.0    3.0    3.0    2.0    1.0    1.0
  [total]       2502.0 2123.0  245.0  106.0   22.0   14.0   11.0    5.0    5.0    5.0

C2
  1              201.0  168.0   17.0    9.0    1.0    1.0    1.0    1.0    1.0    1.0
  2              178.0  158.0   31.0    6.0    3.0    2.0    3.0    1.0    1.0    1.0
  3              188.0  144.0   27.0    7.0    2.0    1.0    1.0    1.0    1.0    1.0
  4              207.0  173.0   18.0    6.0    2.0    1.0    2.0    1.0    1.0    1.0
  5              187.0  187.0   21.0   10.0    3.0    2.0    1.0    1.0    1.0    1.0
  6              192.0  183.0   11.0    7.0    2.0    2.0    2.0    1.0    1.0    1.0
  7              209.0  147.0   20.0    5.0    2.0    1.0    2.0    1.0    1.0    1.0
  8              172.0  152.0   13.0    9.0    2.0    2.0    1.0    2.0    1.0    1.0
  9              200.0  164.0   26.0   10.0    6.0    1.0    1.0    1.0    1.0    1.0
  10             203.0  166.0   15.0   11.0    2.0    2.0    2.0    1.0    1.0    1.0
  11             195.0  153.0   20.0   13.0    2.0    2.0    1.0    1.0    1.0    1.0
  12             198.0  159.0   19.0   12.0    2.0    5.0    1.0    1.0    2.0    1.0
  13             181.0  178.0   16.0   10.0    2.0    1.0    2.0    1.0    1.0    2.0
  [total]       2511.0 2132.0  254.0  115.0   31.0   23.0   20.0   14.0   14.0   14.0

S3
  H              654.0  532.0   59.0   33.0    5.0    2.0    3.0    1.0    2.0    1.0
  S              583.0  522.0   67.0   25.0    5.0    6.0    2.0    1.0    1.0    2.0
  D              626.0  522.0   56.0   21.0    7.0    3.0    2.0    2.0    1.0    1.0
  C              639.0  547.0   63.0   27.0    5.0    3.0    4.0    1.0    1.0    1.0
  [total]       2502.0 2123.0  245.0  106.0   22.0   14.0   11.0    5.0    5.0    5.0

C3
  1              195.0  171.0   17.0    8.0    1.0    1.0    1.0    1.0    1.0    1.0
  2              186.0  154.0   22.0    7.0    1.0    2.0    3.0    1.0    1.0    1.0
  3              206.0  164.0   20.0    8.0    1.0    3.0    1.0    1.0    1.0    1.0
  4              204.0  177.0   24.0    5.0    5.0    3.0    1.0    1.0    1.0    1.0
  5              173.0  155.0   19.0    6.0    1.0    3.0    1.0    1.0    1.0    1.0
  6              181.0  158.0   19.0    3.0    3.0    1.0    2.0    1.0    1.0    1.0
  7              199.0  182.0   18.0   10.0    4.0    2.0    1.0    1.0    1.0    1.0
  8              168.0  166.0   15.0   12.0    3.0    1.0    2.0    2.0    1.0    1.0
  9              197.0  155.0   19.0   15.0    3.0    1.0    3.0    1.0    1.0    1.0
  10             219.0  163.0   26.0   10.0    2.0    1.0    2.0    1.0    2.0    2.0
  11             197.0  163.0   22.0   13.0    1.0    2.0    1.0    1.0    1.0    1.0
  12             179.0  167.0   15.0    6.0    2.0    1.0    1.0    1.0    1.0    1.0
  13             207.0  157.0   18.0   12.0    4.0    2.0    1.0    1.0    1.0    1.0
  [total]       2511.0 2132.0  254.0  115.0   31.0   23.0   20.0   14.0   14.0   14.0

S4
  H              635.0  503.0   55.0   19.0    7.0    2.0    5.0    2.0    2.0    1.0
  S              629.0  561.0   56.0   28.0    3.0    6.0    2.0    1.0    1.0    2.0
  D              609.0  539.0   82.0   29.0    4.0    3.0    2.0    1.0    1.0    1.0
  C              629.0  520.0   52.0   30.0    8.0    3.0    2.0    1.0    1.0    1.0
  [total]       2502.0 2123.0  245.0  106.0   22.0   14.0   11.0    5.0    5.0    5.0

C4
  1              201.0  194.0   20.0    7.0    3.0    1.0    1.0    1.0    1.0    1.0
  2              205.0  171.0   17.0    9.0    1.0    3.0    1.0    1.0    1.0    1.0
  3              212.0  168.0   23.0    8.0    2.0    2.0    1.0    1.0    1.0    1.0
  4              213.0  152.0   28.0   11.0    2.0    2.0    3.0    1.0    1.0    1.0
  5              179.0  158.0   18.0    6.0    1.0    1.0    1.0    1.0    1.0    1.0
  6              182.0  178.0   11.0   11.0    2.0    2.0    2.0    1.0    1.0    1.0
  7              212.0  153.0   16.0    7.0    5.0    3.0    2.0    1.0    1.0    1.0
  8              179.0  136.0   18.0   11.0    3.0    1.0    1.0    2.0    1.0    1.0
  9              189.0  177.0   21.0   12.0    2.0    1.0    2.0    1.0    1.0    1.0
  10             198.0  163.0   22.0   10.0    5.0    2.0    1.0    1.0    1.0    1.0
  11             180.0  170.0   24.0    9.0    3.0    1.0    2.0    1.0    2.0    1.0
  12             186.0  173.0   17.0    7.0    1.0    2.0    1.0    1.0    1.0    2.0
  13             175.0  139.0   19.0    7.0    1.0    2.0    2.0    1.0    1.0    1.0
  [total]       2511.0 2132.0  254.0  115.0   31.0   23.0   20.0   14.0   14.0   14.0

S5
  H              628.0  543.0   68.0   29.0    8.0    2.0    4.0    1.0    2.0    1.0
  S              627.0  532.0   47.0   18.0    4.0    6.0    3.0    1.0    1.0    2.0
  D              617.0  529.0   66.0   31.0    4.0    3.0    2.0    1.0    1.0    1.0
  C              630.0  519.0   64.0   28.0    6.0    3.0    2.0    2.0    1.0    1.0
  [total]       2502.0 2123.0  245.0  106.0   22.0   14.0   11.0    5.0    5.0    5.0

C5
  1              206.0  161.0   20.0   13.0    1.0    2.0    1.0    1.0    1.0    2.0
  2              185.0  179.0   23.0    8.0    2.0    1.0    2.0    1.0    1.0    1.0
  3              198.0  153.0   28.0   10.0    1.0    1.0    1.0    1.0    1.0    1.0
  4              175.0  183.0   21.0   10.0    1.0    1.0    2.0    1.0    1.0    1.0
  5              201.0  170.0   16.0    9.0    8.0    2.0    2.0    1.0    1.0    1.0
  6              191.0  157.0   19.0   13.0    3.0    2.0    1.0    1.0    1.0    1.0
  7              173.0  155.0   16.0    9.0    1.0    1.0    1.0    1.0    1.0    1.0
  8              214.0  172.0   20.0    5.0    3.0    2.0    2.0    1.0    1.0    1.0
  9              208.0  172.0   17.0    5.0    2.0    5.0    2.0    1.0    1.0    1.0
  10             181.0  159.0   17.0    8.0    2.0    2.0    1.0    1.0    1.0    1.0
  11             197.0  150.0   19.0   11.0    4.0    1.0    1.0    1.0    1.0    1.0
  12             187.0  162.0   20.0    7.0    2.0    2.0    1.0    1.0    1.0    1.0
  13             195.0  159.0   18.0    7.0    1.0    1.0    3.0    2.0    2.0    1.0
  [total]       2511.0 2132.0  254.0  115.0   31.0   23.0   20.0   14.0   14.0   14.0



Time taken to build model: 0 seconds

=== Stratified cross-validation ===
=== Summary ===

Correctly Classified Instances        2362               47.2589 %
Incorrectly Classified Instances      2636               52.7411 %
Kappa statistic                         -0.0165
Mean absolute error                      0.114 
Root mean squared error                  0.2405
Relative absolute error                100.2358 %
Root relative squared error            100.9302 %
Total Number of Instances             4998     

=== Detailed Accuracy By Class ===

               TP Rate   FP Rate   Precision   Recall  F-Measure   ROC Area  Class
                 0.745     0.763      0.494     0.745     0.594      0.473    0
                 0.237     0.253      0.408     0.237     0.3        0.493    1
                 0         0          0         0         0          0.521    2
                 0         0          0         0         0          0.466    3
                 0         0          0         0         0          0.603    S
                 0         0          0         0         0          0.492    F
                 0         0          0         0         0          0.192    FH
                 0         0          0         0         0          0.545    4
                 0         0          0         0         0          0.336    SF
                 0         0          0         0         0          0.341    RF
Weighted Avg.    0.473     0.489      0.42      0.473     0.424      0.484

=== Confusion Matrix ===

    a    b    c    d    e    f    g    h    i    j   <-- classified as
 1860  638    0    0    0    0    0    0    0    0 |    a = 0
 1617  502    0    0    0    0    0    0    0    0 |    b = 1
  186   55    0    0    0    0    0    0    0    0 |    c = 2
   75   27    0    0    0    0    0    0    0    0 |    d = 3
   16    2    0    0    0    0    0    0    0    0 |    e = S
    7    3    0    0    0    0    0    0    0    0 |    f = F
    5    2    0    0    0    0    0    0    0    0 |    g = FH
    1    0    0    0    0    0    0    0    0    0 |    h = 4
    1    0    0    0    0    0    0    0    0    0 |    i = SF
    0    1    0    0    0    0    0    0    0    0 |    j = RF

=== Run information ===

Scheme:weka.classifiers.bayes.NaiveBayes 
Relation:     poker_hand/allnominal/training/2
Instances:    4998
Attributes:   11
              S1
              C1
              S2
              C2
              S3
              C3
              S4
              C4
              S5
              C5
              CLASS
Test mode:10-fold cross-validation

=== Classifier model (full training set) ===

Naive Bayes Classifier

                Class
Attribute           0      1      2      3      S      F     FH      4     SF     RF
                (0.5) (0.42) (0.05) (0.02)    (0)    (0)    (0)    (0)    (0)    (0)
=====================================================================================
S1
  H              599.0  529.0   55.0   25.0    6.0    5.0    3.0    1.0    1.0    1.0
  S              611.0  522.0   72.0   30.0    5.0    1.0    2.0    1.0    2.0    1.0
  D              628.0  548.0   58.0   28.0    7.0    5.0    2.0    1.0    1.0    2.0
  C              664.0  524.0   60.0   23.0    4.0    3.0    4.0    2.0    1.0    1.0
  [total]       2502.0 2123.0  245.0  106.0   22.0   14.0   11.0    5.0    5.0    5.0

C1
  1              201.0  166.0   23.0   10.0    2.0    3.0    2.0    1.0    2.0    1.0
  2              154.0  177.0   20.0    9.0    1.0    1.0    1.0    1.0    1.0    1.0
  3              183.0  173.0   18.0    9.0    2.0    1.0    1.0    1.0    1.0    1.0
  4              219.0  164.0   21.0   12.0    2.0    2.0    2.0    1.0    1.0    1.0
  5              194.0  164.0   21.0   11.0    3.0    1.0    2.0    1.0    1.0    1.0
  6              207.0  163.0   16.0    7.0    2.0    3.0    2.0    1.0    1.0    1.0
  7              199.0  167.0   21.0   13.0    2.0    1.0    1.0    1.0    1.0    1.0
  8              185.0  166.0   25.0    5.0    5.0    1.0    1.0    1.0    1.0    1.0
  9              229.0  153.0   19.0    9.0    3.0    3.0    3.0    1.0    1.0    1.0
  10             195.0  152.0   26.0    8.0    3.0    1.0    1.0    1.0    1.0    1.0
  11             185.0  176.0   19.0    4.0    1.0    2.0    1.0    2.0    1.0    1.0
  12             182.0  156.0   13.0   13.0    4.0    3.0    1.0    1.0    1.0    2.0
  13             178.0  155.0   12.0    5.0    1.0    1.0    2.0    1.0    1.0    1.0
  [total]       2511.0 2132.0  254.0  115.0   31.0   23.0   20.0   14.0   14.0   14.0

S2
  H              627.0  505.0   62.0   28.0    6.0    5.0    4.0    1.0    1.0    1.0
  S              628.0  561.0   72.0   27.0    8.0    1.0    1.0    2.0    2.0    1.0
  D              647.0  540.0   48.0   25.0    3.0    5.0    3.0    1.0    1.0    2.0
  C              600.0  517.0   63.0   26.0    5.0    3.0    3.0    1.0    1.0    1.0
  [total]       2502.0 2123.0  245.0  106.0   22.0   14.0   11.0    5.0    5.0    5.0

C2
  1              197.0  187.0   18.0    9.0    1.0    1.0    2.0    1.0    1.0    1.0
  2              189.0  173.0   22.0    9.0    1.0    2.0    1.0    1.0    2.0    1.0
  3              177.0  152.0   27.0   12.0    4.0    2.0    1.0    1.0    1.0    1.0
  4              170.0  165.0   22.0   11.0    2.0    2.0    2.0    1.0    1.0    1.0
  5              180.0  164.0   18.0    9.0    1.0    1.0    2.0    1.0    1.0    1.0
  6              198.0  168.0   17.0   10.0    3.0    1.0    1.0    1.0    1.0    1.0
  7              185.0  171.0   18.0   10.0    1.0    2.0    1.0    1.0    1.0    1.0
  8              208.0  163.0   27.0    4.0    3.0    3.0    2.0    1.0    1.0    1.0
  9              179.0  148.0   17.0    9.0    3.0    1.0    2.0    1.0    1.0    1.0
  10             208.0  164.0   15.0    8.0    7.0    4.0    1.0    1.0    1.0    1.0
  11             201.0  159.0   21.0    4.0    2.0    1.0    2.0    2.0    1.0    2.0
  12             206.0  157.0   19.0   13.0    1.0    2.0    1.0    1.0    1.0    1.0
  13             213.0  161.0   13.0    7.0    2.0    1.0    2.0    1.0    1.0    1.0
  [total]       2511.0 2132.0  254.0  115.0   31.0   23.0   20.0   14.0   14.0   14.0

S3
  H              598.0  537.0   66.0   26.0    5.0    5.0    2.0    1.0    1.0    1.0
  S              642.0  528.0   54.0   17.0    4.0    1.0    5.0    1.0    2.0    1.0
  D              609.0  498.0   68.0   37.0    8.0    5.0    3.0    2.0    1.0    2.0
  C              653.0  560.0   57.0   26.0    5.0    3.0    1.0    1.0    1.0    1.0
  [total]       2502.0 2123.0  245.0  106.0   22.0   14.0   11.0    5.0    5.0    5.0

C3
  1              171.0  179.0   24.0   11.0    2.0    1.0    1.0    1.0    1.0    1.0
  2              202.0  161.0   14.0   11.0    1.0    1.0    1.0    1.0    1.0    1.0
  3              197.0  172.0   32.0    8.0    1.0    3.0    1.0    1.0    2.0    1.0
  4              183.0  157.0   20.0   14.0    1.0    1.0    2.0    1.0    1.0    1.0
  5              201.0  170.0   22.0   10.0    3.0    2.0    1.0    1.0    1.0    1.0
  6              184.0  169.0   16.0    8.0    6.0    1.0    2.0    1.0    1.0    1.0
  7              190.0  149.0   22.0    7.0    1.0    2.0    1.0    1.0    1.0    1.0
  8              199.0  172.0   19.0    9.0    1.0    2.0    3.0    1.0    1.0    1.0
  9              178.0  164.0   14.0    7.0    5.0    1.0    2.0    1.0    1.0    1.0
  10             211.0  156.0   18.0    6.0    2.0    1.0    1.0    1.0    1.0    1.0
  11             173.0  169.0   18.0    7.0    5.0    3.0    3.0    2.0    1.0    1.0
  12             221.0  161.0   18.0   11.0    1.0    2.0    1.0    1.0    1.0    1.0
  13             201.0  153.0   17.0    6.0    2.0    3.0    1.0    1.0    1.0    2.0
  [total]       2511.0 2132.0  254.0  115.0   31.0   23.0   20.0   14.0   14.0   14.0

S4
  H              592.0  534.0   54.0   29.0    6.0    5.0    3.0    2.0    1.0    1.0
  S              630.0  512.0   57.0   33.0    8.0    1.0    5.0    1.0    2.0    1.0
  D              642.0  538.0   66.0   26.0    5.0    5.0    2.0    1.0    1.0    2.0
  C              638.0  539.0   68.0   18.0    3.0    3.0    1.0    1.0    1.0    1.0
  [total]       2502.0 2123.0  245.0  106.0   22.0   14.0   11.0    5.0    5.0    5.0

C4
  1              185.0  158.0   28.0    9.0    2.0    2.0    2.0    1.0    1.0    1.0
  2              210.0  177.0   13.0    5.0    1.0    2.0    1.0    1.0    1.0    1.0
  3              189.0  159.0   19.0   11.0    1.0    1.0    1.0    1.0    1.0    1.0
  4              193.0  168.0   13.0    7.0    2.0    2.0    2.0    1.0    2.0    1.0
  5              217.0  154.0   22.0   10.0    2.0    2.0    1.0    1.0    1.0    1.0
  6              189.0  176.0   14.0    6.0    2.0    1.0    2.0    1.0    1.0    1.0
  7              215.0  159.0   21.0   14.0    9.0    2.0    1.0    1.0    1.0    1.0
  8              170.0  153.0   21.0    7.0    2.0    2.0    1.0    1.0    1.0    1.0
  9              212.0  180.0   25.0   13.0    2.0    1.0    3.0    1.0    1.0    1.0
  10             182.0  171.0   23.0    8.0    2.0    3.0    1.0    1.0    1.0    2.0
  11             175.0  168.0   21.0    8.0    1.0    2.0    2.0    2.0    1.0    1.0
  12             188.0  147.0   19.0    8.0    3.0    2.0    1.0    1.0    1.0    1.0
  13             186.0  162.0   15.0    9.0    2.0    1.0    2.0    1.0    1.0    1.0
  [total]       2511.0 2132.0  254.0  115.0   31.0   23.0   20.0   14.0   14.0   14.0

S5
  H              647.0  562.0   62.0   26.0    4.0    5.0    4.0    1.0    1.0    1.0
  S              574.0  554.0   54.0   30.0    2.0    1.0    2.0    2.0    2.0    1.0
  D              625.0  495.0   68.0   21.0    6.0    5.0    4.0    1.0    1.0    2.0
  C              656.0  512.0   61.0   29.0   10.0    3.0    1.0    1.0    1.0    1.0
  [total]       2502.0 2123.0  245.0  106.0   22.0   14.0   11.0    5.0    5.0    5.0

C5
  1              190.0  165.0   16.0   10.0    1.0    3.0    1.0    1.0    1.0    2.0
  2              217.0  165.0   21.0    9.0    1.0    2.0    1.0    1.0    1.0    1.0
  3              186.0  160.0   24.0   12.0    1.0    2.0    1.0    1.0    1.0    1.0
  4              175.0  150.0   20.0    7.0    3.0    3.0    2.0    1.0    1.0    1.0
  5              210.0  178.0   15.0   12.0    2.0    2.0    2.0    2.0    2.0    1.0
  6              207.0  172.0   20.0    8.0    2.0    2.0    1.0    1.0    1.0    1.0
  7              173.0  159.0   14.0   10.0    5.0    1.0    1.0    1.0    1.0    1.0
  8              201.0  170.0   21.0   11.0    4.0    3.0    3.0    1.0    1.0    1.0
  9              190.0  174.0   29.0   10.0    2.0    1.0    3.0    1.0    1.0    1.0
  10             190.0  165.0   21.0    8.0    3.0    1.0    1.0    1.0    1.0    1.0
  11             209.0  174.0   18.0    6.0    4.0    1.0    1.0    1.0    1.0    1.0
  12             174.0  151.0   18.0    6.0    1.0    1.0    1.0    1.0    1.0    1.0
  13             189.0  149.0   17.0    6.0    2.0    1.0    2.0    1.0    1.0    1.0
  [total]       2511.0 2132.0  254.0  115.0   31.0   23.0   20.0   14.0   14.0   14.0



Time taken to build model: 0 seconds

=== Stratified cross-validation ===
=== Summary ===

Correctly Classified Instances        2394               47.8992 %
Incorrectly Classified Instances      2604               52.1008 %
Kappa statistic                         -0.0019
Mean absolute error                      0.1138
Root mean squared error                  0.2403
Relative absolute error                100.0886 %
Root relative squared error            100.8533 %
Total Number of Instances             4998     

=== Detailed Accuracy By Class ===

               TP Rate   FP Rate   Precision   Recall  F-Measure   ROC Area  Class
                 0.738     0.74       0.499     0.738     0.595      0.495    0
                 0.26      0.262      0.422     0.26      0.322      0.49     1
                 0         0          0         0         0          0.499    2
                 0         0          0         0         0          0.496    3
                 0         0          0         0         0          0.739    S
                 0         0          0         0         0          0.688    F
                 0         0          0         0         0          0.536    FH
                 0         0          0         0         0          0.443    4
                 0         0          0         0         0          0.347    SF
                 0         0          0         0         0          0.398    RF
Weighted Avg.    0.479     0.481      0.428     0.479     0.434      0.495

=== Confusion Matrix ===

    a    b    c    d    e    f    g    h    i    j   <-- classified as
 1843  655    0    0    0    0    0    0    0    0 |    a = 0
 1568  551    0    0    0    0    0    0    0    0 |    b = 1
  174   67    0    0    0    0    0    0    0    0 |    c = 2
   74   28    0    0    0    0    0    0    0    0 |    d = 3
   17    1    0    0    0    0    0    0    0    0 |    e = S
    8    2    0    0    0    0    0    0    0    0 |    f = F
    7    0    0    0    0    0    0    0    0    0 |    g = FH
    0    1    0    0    0    0    0    0    0    0 |    h = 4
    0    1    0    0    0    0    0    0    0    0 |    i = SF
    1    0    0    0    0    0    0    0    0    0 |    j = RF

